18
125
150
10000,10000
2406.54,5509.71
3685.43,6717.41
7660.86,1554.17
906.65,7670.37
617.76,9590.24
501.19,8071.24
8158.83,3755.47
7908.17,4528.25
962.75,7304.0
337.58,81.46
1992.06,657.93
9754.34,6317.62
815.65,40.69
1052.69,8094.15
3097.82,4967.43
7026.95,1052.87
3294.98,4665.02
6683.17,5653.59
6283.95,9237.51
1578.95,6398.9
476.43,7621.17
6097.32,5418.48
2181.1,1054.87
4535.05,4473.35
6477.09,2447.1
1558.81,318.13
4582.16,5632.07
7256.97,1745.96
7957.48,4880.69
7555.09,3978.09
8093.06,972.37
2228.6,1562.87
7410.09,9708.57
3360.68,4446.32
1934.87,2178.77
916.93,341.21
9961.0,7574.15
2062.04,3566.82
7047.66,1010.19
529.78,7914.11
8142.6,3231.11
4498.14,8779.15
8415.35,4183.37
3722.53,88.52
5348.97,1626.31
3793.37,9370.03
3786.51,2022.4
1325.67,2967.45
2411.31,3633.49
9976.81,354.37
4073.16,3756.09
352.41,2505.43
6815.7,4711.73
9057.72,333.45
2966.98,4686.38
2894.45,3527.73
9325.32,7317.43
2467.53,7770.94
2887.43,3119.99
4707.63,2549.71
3945.98,6109.73
2833.99,6128.41
5234.34,8458.18
4998.36,4031.83
6455.23,1524.42
3252.1,699.18
6702.28,6285.54
5732.83,6527.98
1648.87,4477.26
8269.8,8611.53
9183.79,4701.59
7896.18,647.42
4170.77,2402.77
5955.79,5256.8
9381.5,299.65
131.46,7743.52
5702.4,20.42
1312.91,684.48
7428.81,4746.48
7978.24,9161.14
832.4,3567.0
6669.2,4523.35
1844.36,3337.54
7830.44,210.09
5285.54,8543.56
3654.48,3331.91
4111.68,6544.15
6670.67,9541.75
8788.91,6605.61
5499.42,4731.46
6900.16,8898.89
4573.37,9813.05
6443.93,4301.52
2650.0,5091.82
2992.61,7337.64
9969.0,236.63
2753.26,1415.21
2673.21,5915.28
1340.55,431.29
9478.53,9854.64
702.36,3795.12
4348.32,9593.32
9256.95,6869.54
6966.37,5908.36
3832.33,4189.58
1925.96,1322.96
3267.0,1098.95
2041.34,7375.6
8249.08,7434.65
2542.77,5927.43
4252.18,6824.22
426.27,2314.31
7173.74,4104.82
9274.96,8087.45
7013.22,28.92
8884.66,633.84
9726.57,6559.96
1284.99,7395.36
153.65,5826.49
3190.16,8923.98
2595.09,2311.44
9691.02,7035.47
420.62,521.2
68.93,938.66
4604.95,3719.33
1519.51,1216.61
4892.84,2832.22
7063.13,8983.42
7209.49,1111.85
6144.36,7523.49
2255.59,9974.59
7422.1,7905.02
2312.33,6679.36
4955.75,4083.82
7384.44,7283.82
5515.4,5900.21
91.53,9289.34
5581.44,897.45
5474.22,4524.1
6495.35,785.29
4275.93,3808.04
9078.86,3282.33
4392.81,3283.82
4889.33,3742.44
6959.0,4456.0
5484.29,3904.35
9550.05,4781.85
396.4,1801.25
2069.99,3720.66
7959.73,9116.72
