137.282575960338, 99.6486529461854
8.52470250971646, 161.735439473960
270.551175839203, 194.106509757095
141.796824232085, 269.617644601605
307.526540550788, 64.1679220454812
395.852245300776, 224.702668607573
274.248487718309, 322.556414851408
145.666246472584, 432.022329708182
408.508448823894, 392.905388754889
527.495648890579, 263.127438066545
536.764122638688, 511.658734290373
340.698984991019, 525.059860019439
210.502374452438, 642.904378993356
469.213886564044, 647.570114138587
342.052979579812, 661.761062900515
602.491229070471, 728.849451862748
475.018272101302, 779.369373576307
348.141646774731, 836.956581952427
602.569357897805, 885.983516556889
473.715844527782, 908.173709634803
728.706018038363, 959.633536532259
729.246216780416, 833.702800966652
843.397405276103, 706.616472396287
858.381635863362, 932.350547894968
951.923917581488, 803.670813777249
985.534470285751, 670.933886150094
989.417334979693, 934.949043522442
717.537041503232, 604.775632748599
841.711481597425, 473.335413347850
715.248708405202, 473.617576615590
739.188020551625, 344.403123370636
682.769127146297, 213.141602715234
851.832620180135, 212.828683231676
961.708418063638, 83.6431430676873
981.955398274348, 283.179846599693
869.482314091111, 343.478339848001
996.375637627329, 461.467472619859
776.131864176282, 79.4658189059423
610.873860054782, 361.314879393758
214.475504578046, 769.096763478530
273.454354554100, 968.946578448300
140.754308105547, 982.184107119817
9.12353476533521, 847.674197434362
67.6157063366459, 722.505222870098
35.6839308382701, 597.130723462289
8.20370690646033, 987.039684726177
541.824626154386, 137.787126337814
514.431393373779, 7.10068244778977
640.900384938427, 58.0966005728222
11.9241937183553, 396.336014187706