652.316809,915.274260
644.746071,653.519235
923.389312,794.119477
822.675384,648.327078
888.166198,616.887277
692.771462,791.809130
653.009634,940.667469
931.272940,878.981909
748.361876,779.696709
148.176938,136.755257
58.769134,249.506811
304.771962,183.190356
242.015527,354.733447
95.364606,147.710609
313.338453,94.311395
189.556423,145.368559
308.902103,276.619874
399.892977,498.947707
218.635815,728.058278
183.461611,550.816601
137.036785,609.628416
377.347809,596.254185
654.160930,547.743277
485.066906,805.818361
145.113009,414.014438
831.811462,436.151861
230.169999,701.815748
132.033704,819.824423
84.302167,646.679108
316.101127,938.701005
220.843556,913.374411
87.523912,803.103543
805.262197,319.166665
852.572739,192.125963
854.387740,143.466818
708.210080,220.043149
972.139664,395.381862
799.386695,154.386238
725.221362,119.115727
685.014525,178.763336
485.066906,805.818361
972.139664,395.381862
175.334759,773.941351
176.438630,866.599417
183.603392,655.722082
828.917468,255.646314
164.287310,482.415520
901.975563,415.766862
668.758766,722.664183
785.518630,714.011894
672.890548,866.238299
854.453971,754.065685
303.758904,649.034966
859.988830,526.519569
578.978727,836.028330
400.584016,872.259683
