652.316809,915.274260
644.746071,653.519235
923.389312,794.119477
822.675384,648.327078
748.361876,779.696709
95.364606,147.710609
313.338453,94.311395
308.902103,276.619874
218.635815,728.058278
137.036785,609.628416
377.347809,596.254185
485.066906,805.818361
145.113009,414.014438
316.101127,938.701005
87.523912,803.103543
805.262197,319.166665
854.387740,143.466818
972.139664,395.381862
685.014525,178.763336
177.836300,668.843347
785.518630,714.011894
153.079864,765.580911
715.132350,683.765564
854.453971,754.065685
700.339342,847.485485
311.120278,185.465634
829.824968,231.316741
757.419747,205.040039
888.700930,357.274264
141.074897,511.821427
568.691857,860.546311
297.991812,662.156232
227.007556,345.317156
400.584016,872.259683
203.242442,166.588122
267.368471,833.379642
897.407524,521.854470
934.773594,458.618166
860.041454,585.090774
