675.783879,924.495305
703.603461,758.805698
807.003989,810.451175
855.420791,632.607178
929.359345,830.607665
127.298291,129.107935
256.069691,329.804548
71.473811,275.503311
267.461072,156.770819
388.620393,547.600946
263.415140,722.475174
170.419517,538.621181
691.058899,222.994503
399.888840,220.308948
649.428370,596.891726
485.066906,805.818361
71.545188,691.312501
35.228789,864.766123
145.113009,414.014438
798.374821,310.212327
135.405349,818.072624
239.895070,918.439730
810.325349,115.312830
972.139664,395.381862
681.549982,93.473829
879.473159,211.783518
157.766263,476.317810
838.923990,260.997922
686.304440,158.234166
745.937665,104.393330
200.591350,371.909493
103.475268,754.692563
197.379682,142.939377
187.650210,868.256177
99.386051,202.305623
108.293410,344.758874
199.410245,770.273899
689.693670,841.650501
676.515916,677.848712
327.979265,275.056748
120.982352,614.966841
831.212390,721.529176
905.531827,328.189892
587.380288,823.734431
326.017766,635.038060
405.542336,720.428210
913.780227,513.994520
942.959946,454.688191
884.600509,573.300849
