703.603461,758.805698
807.003989,810.451175

807.003989,810.451175
929.359345,830.607665

170.419517,538.621181
157.766263,476.317810

145.113009,414.014438
157.766263,476.317810

127.298291,129.107935
197.379682,142.939377

267.461072,156.770819
197.379682,142.939377

267.461072,156.770819
333.674956,188.539884

399.888840,220.308948
333.674956,188.539884

127.298291,129.107935
99.386051,202.305623

71.473811,275.503311
99.386051,202.305623

197.379682,142.939377
99.386051,202.305623

71.473811,275.503311
108.293410,344.758874

145.113009,414.014438
108.293410,344.758874

256.069691,329.804548
182.181550,337.281711

145.113009,414.014438
182.181550,337.281711

108.293410,344.758874
182.181550,337.281711

675.783879,924.495305
689.693670,841.650501

703.603461,758.805698
689.693670,841.650501

807.003989,810.451175
689.693670,841.650501

703.603461,758.805698
676.515916,677.848712

649.428370,596.891726
676.515916,677.848712

47.264334,706.460216
35.074603,791.335847

22.884871,876.211477
35.074603,791.335847

807.003989,810.451175
831.212390,721.529176

855.420791,632.607178
831.212390,721.529176

855.420791,632.607178
843.616127,534.379519

831.811462,436.151861
843.616127,534.379519

485.066906,805.818361
587.380288,823.734431

689.693670,841.650501
587.380288,823.734431

170.419517,538.621181
108.841926,622.540699

47.264334,706.460216
108.841926,622.540699

278.373799,739.778037
193.607862,681.159368

108.841926,622.540699
193.607862,681.159368

278.373799,739.778037
381.720352,772.798199

485.066906,805.818361
381.720352,772.798199

388.620393,547.600946
279.519955,543.111063

170.419517,538.621181
279.519955,543.111063

650.313468,269.960032
741.062465,353.055946

831.811462,436.151861
741.062465,353.055946

