675.783879,924.495305
703.603461,758.805698
807.003989,810.451175
855.420791,632.607178
929.359345,830.607665
127.298291,129.107935
256.069691,329.804548
71.473811,275.503311
267.461072,156.770819
388.620393,547.600946
278.373799,739.778037
170.419517,538.621181
650.313468,269.960032
399.888840,220.308948
649.428370,596.891726
485.066906,805.818361
47.264334,706.460216
22.884871,876.211477
145.113009,414.014438
831.811462,436.151861
200.591350,371.909493
197.379682,142.939377
333.674956,188.539884
99.386051,202.305623
108.293410,344.758874
689.693670,841.650501
185.505433,455.265337
676.515916,677.848712
35.074603,791.335847
831.212390,721.529176
843.616127,534.379519
587.380288,823.734431
108.841926,622.540699
193.607862,681.159368
381.720352,772.798199
279.519955,543.111063
741.062465,353.055946
