728.706018,959.633537
60.554027,617.639727

729.246217,833.702801
60.554027,617.639727

527.495649,263.127438
61.931898,621.278734

67.988662,620.977098
61.931898,621.278734

210.502374,642.904379
63.039729,620.161563

214.475505,769.096763
63.039729,620.161563

776.131864,79.465819
680.407412,618.975281

273.454355,968.946578
618.975281,941.854626

140.754308,982.184107
618.975281,941.854626

342.052980,661.761063
642.301148,328.671535

843.397405,706.616472
626.698770,292.794045

717.537042,604.775633
626.698770,292.794045

340.698985,525.059860
693.901439,330.573467

342.052980,661.761063
693.901439,330.573467

67.988662,620.977098
693.901439,330.573467

61.889616,623.346997
693.901439,330.573467

60.554027,617.639727
693.901439,330.573467

63.039729,620.161563
693.901439,330.573467

642.301148,328.671535
693.901439,330.573467

469.213887,647.570114
675.787891,288.717327

342.052980,661.761063
675.787891,288.717327

63.039729,620.161563
675.787891,288.717327

7.433440,12.220220
704.863635,330.290261

8.524703,161.735439
704.863635,330.290261

145.666246,432.022330
704.863635,330.290261

60.705698,535.801037
704.863635,330.290261

67.988662,620.977098
704.863635,330.290261

58.251695,614.099056
704.863635,330.290261

64.393129,620.359557
704.863635,330.290261

642.301148,328.671535
704.863635,330.290261

626.698770,292.794045
704.863635,330.290261

693.901439,330.573467
704.863635,330.290261

675.787891,288.717327
704.863635,330.290261

7.433440,12.220220
690.657642,289.719085

137.282576,99.648653
690.657642,289.719085

270.551176,194.106510
690.657642,289.719085

395.852245,224.702669
690.657642,289.719085

527.495649,263.127438
690.657642,289.719085

626.698770,292.794045
690.657642,289.719085

693.901439,330.573467
690.657642,289.719085

675.787891,288.717327
690.657642,289.719085

704.863635,330.290261
690.657642,289.719085

7.433440,12.220220
686.702895,329.415710

137.282576,99.648653
686.702895,329.415710

8.524703,161.735439
686.702895,329.415710

141.796824,269.617645
686.702895,329.415710

739.188021,344.403123
686.702895,329.415710

610.873860,361.314879
686.702895,329.415710

693.901439,330.573467
686.702895,329.415710

675.787891,288.717327
686.702895,329.415710

704.863635,330.290261
686.702895,329.415710

690.657642,289.719085
686.702895,329.415710

137.282576,99.648653
670.248720,289.628000

8.524703,161.735439
670.248720,289.628000

270.551176,194.106510
670.248720,289.628000

307.526541,64.167922
670.248720,289.628000

67.615706,722.505223
670.248720,289.628000

147.393516,630.159334
670.248720,289.628000

60.705698,535.801037
670.248720,289.628000

67.988662,620.977098
670.248720,289.628000

58.251695,614.099056
670.248720,289.628000

61.889616,623.346997
670.248720,289.628000

64.393129,620.359557
670.248720,289.628000

60.554027,617.639727
670.248720,289.628000

61.931898,621.278734
670.248720,289.628000

704.863635,330.290261
670.248720,289.628000

690.657642,289.719085
670.248720,289.628000

686.702895,329.415710
670.248720,289.628000

7.433440,12.220220
644.942152,329.503916

137.282576,99.648653
644.942152,329.503916

8.524703,161.735439
644.942152,329.503916

270.551176,194.106510
644.942152,329.503916

141.796824,269.617645
644.942152,329.503916

395.852245,224.702669
644.942152,329.503916

981.955398,283.179847
644.942152,329.503916

869.482314,343.478340
644.942152,329.503916

642.301148,328.671535
644.942152,329.503916

626.698770,292.794045
644.942152,329.503916

693.901439,330.573467
644.942152,329.503916

675.787891,288.717327
644.942152,329.503916

704.863635,330.290261
644.942152,329.503916

690.657642,289.719085
644.942152,329.503916

686.702895,329.415710
644.942152,329.503916

670.248720,289.628000
644.942152,329.503916

8.524703,161.735439
615.914677,291.635828

270.551176,194.106510
615.914677,291.635828

141.796824,269.617645
615.914677,291.635828

307.526541,64.167922
615.914677,291.635828

274.248488,322.556415
615.914677,291.635828

841.711482,473.335413
615.914677,291.635828

869.482314,343.478340
615.914677,291.635828

996.375638,461.467473
615.914677,291.635828

690.657642,289.719085
615.914677,291.635828

686.702895,329.415710
615.914677,291.635828

670.248720,289.628000
615.914677,291.635828

644.942152,329.503916
615.914677,291.635828

270.551176,194.106510
577.725800,333.632179

141.796824,269.617645
577.725800,333.632179

307.526541,64.167922
577.725800,333.632179

395.852245,224.702669
577.725800,333.632179

145.666246,432.022330
577.725800,333.632179

717.537042,604.775633
577.725800,333.632179

670.248720,289.628000
577.725800,333.632179

644.942152,329.503916
577.725800,333.632179

615.914677,291.635828
577.725800,333.632179

307.526541,64.167922
535.734845,303.255997

395.852245,224.702669
535.734845,303.255997

274.248488,322.556415
535.734845,303.255997

408.508449,392.905389
535.734845,303.255997

717.537042,604.775633
535.734845,303.255997

63.039729,620.161563
535.734845,303.255997

670.248720,289.628000
535.734845,303.255997

644.942152,329.503916
535.734845,303.255997

615.914677,291.635828
535.734845,303.255997

577.725800,333.632179
535.734845,303.255997

145.666246,432.022330
489.070103,347.287803

527.495649,263.127438
489.070103,347.287803

602.569358,885.983517
489.070103,347.287803

728.706018,959.633537
489.070103,347.287803

535.734845,303.255997
489.070103,347.287803

7.433440,12.220220
439.903808,332.301146

137.282576,99.648653
439.903808,332.301146

8.524703,161.735439
439.903808,332.301146

270.551176,194.106510
439.903808,332.301146

141.796824,269.617645
439.903808,332.301146

307.526541,64.167922
439.903808,332.301146

395.852245,224.702669
439.903808,332.301146

274.248488,322.556415
439.903808,332.301146

145.666246,432.022330
439.903808,332.301146

408.508449,392.905389
439.903808,332.301146

536.764123,511.658734
439.903808,332.301146

717.537042,604.775633
439.903808,332.301146

642.301148,328.671535
439.903808,332.301146

626.698770,292.794045
439.903808,332.301146

693.901439,330.573467
439.903808,332.301146

675.787891,288.717327
439.903808,332.301146

704.863635,330.290261
439.903808,332.301146

690.657642,289.719085
439.903808,332.301146

686.702895,329.415710
439.903808,332.301146

670.248720,289.628000
439.903808,332.301146

644.942152,329.503916
439.903808,332.301146

615.914677,291.635828
439.903808,332.301146

577.725800,333.632179
439.903808,332.301146

535.734845,303.255997
439.903808,332.301146

489.070103,347.287803
439.903808,332.301146

141.796824,269.617645
389.224409,374.197867

307.526541,64.167922
389.224409,374.197867

395.852245,224.702669
389.224409,374.197867

274.248488,322.556415
389.224409,374.197867

145.666246,432.022330
389.224409,374.197867

408.508449,392.905389
389.224409,374.197867

527.495649,263.127438
389.224409,374.197867

340.698985,525.059860
389.224409,374.197867

717.537042,604.775633
389.224409,374.197867

670.248720,289.628000
389.224409,374.197867

644.942152,329.503916
389.224409,374.197867

615.914677,291.635828
389.224409,374.197867

577.725800,333.632179
389.224409,374.197867

535.734845,303.255997
389.224409,374.197867

489.070103,347.287803
389.224409,374.197867

439.903808,332.301146
389.224409,374.197867

395.852245,224.702669
338.097173,380.399164

274.248488,322.556415
338.097173,380.399164

145.666246,432.022330
338.097173,380.399164

408.508449,392.905389
338.097173,380.399164

527.495649,263.127438
338.097173,380.399164

536.764123,511.658734
338.097173,380.399164

210.502374,642.904379
338.097173,380.399164

717.537042,604.775633
338.097173,380.399164

615.914677,291.635828
338.097173,380.399164

577.725800,333.632179
338.097173,380.399164

535.734845,303.255997
338.097173,380.399164

489.070103,347.287803
338.097173,380.399164

439.903808,332.301146
338.097173,380.399164

389.224409,374.197867
338.097173,380.399164

7.433440,12.220220
287.327712,417.246766

137.282576,99.648653
287.327712,417.246766

8.524703,161.735439
287.327712,417.246766

270.551176,194.106510
287.327712,417.246766

141.796824,269.617645
287.327712,417.246766

307.526541,64.167922
287.327712,417.246766

395.852245,224.702669
287.327712,417.246766

274.248488,322.556415
287.327712,417.246766

145.666246,432.022330
287.327712,417.246766

408.508449,392.905389
287.327712,417.246766

527.495649,263.127438
287.327712,417.246766

536.764123,511.658734
287.327712,417.246766

340.698985,525.059860
287.327712,417.246766

469.213887,647.570114
287.327712,417.246766

717.537042,604.775633
287.327712,417.246766

642.301148,328.671535
287.327712,417.246766

626.698770,292.794045
287.327712,417.246766

693.901439,330.573467
287.327712,417.246766

675.787891,288.717327
287.327712,417.246766

704.863635,330.290261
287.327712,417.246766

644.942152,329.503916
287.327712,417.246766

615.914677,291.635828
287.327712,417.246766

577.725800,333.632179
287.327712,417.246766

535.734845,303.255997
287.327712,417.246766

489.070103,347.287803
287.327712,417.246766

439.903808,332.301146
287.327712,417.246766

389.224409,374.197867
287.327712,417.246766

338.097173,380.399164
287.327712,417.246766

145.666246,432.022330
237.926064,441.821281

408.508449,392.905389
237.926064,441.821281

527.495649,263.127438
237.926064,441.821281

536.764123,511.658734
237.926064,441.821281

340.698985,525.059860
237.926064,441.821281

210.502374,642.904379
237.926064,441.821281

342.052980,661.761063
237.926064,441.821281

717.537042,604.775633
237.926064,441.821281

535.734845,303.255997
237.926064,441.821281

489.070103,347.287803
237.926064,441.821281

439.903808,332.301146
237.926064,441.821281

389.224409,374.197867
237.926064,441.821281

338.097173,380.399164
237.926064,441.821281

287.327712,417.246766
237.926064,441.821281

274.248488,322.556415
190.904761,476.626986

145.666246,432.022330
190.904761,476.626986

408.508449,392.905389
190.904761,476.626986

527.495649,263.127438
190.904761,476.626986

536.764123,511.658734
190.904761,476.626986

340.698985,525.059860
190.904761,476.626986

210.502374,642.904379
190.904761,476.626986

469.213887,647.570114
190.904761,476.626986

602.491229,728.849452
190.904761,476.626986

717.537042,604.775633
190.904761,476.626986

577.725800,333.632179
190.904761,476.626986

535.734845,303.255997
190.904761,476.626986

489.070103,347.287803
190.904761,476.626986

439.903808,332.301146
190.904761,476.626986

389.224409,374.197867
190.904761,476.626986

338.097173,380.399164
190.904761,476.626986

287.327712,417.246766
190.904761,476.626986

237.926064,441.821281
190.904761,476.626986

602.569358,885.983517
610.772320,913.919071

618.975281,941.854626
610.772320,913.919071

739.188021,344.403123
679.278509,250.929465

682.769127,213.141603
679.278509,250.929465

642.301148,328.671535
679.278509,250.929465

626.698770,292.794045
679.278509,250.929465

693.901439,330.573467
679.278509,250.929465

675.787891,288.717327
679.278509,250.929465

704.863635,330.290261
679.278509,250.929465

690.657642,289.719085
679.278509,250.929465

686.702895,329.415710
679.278509,250.929465

670.248720,289.628000
679.278509,250.929465

644.942152,329.503916
679.278509,250.929465

615.914677,291.635828
679.278509,250.929465

841.711482,473.335413
778.480095,473.476495

715.248708,473.617577
778.480095,473.476495

475.018272,779.369374
474.367058,843.771542

473.715845,908.173710
474.367058,843.771542

475.018272,779.369374
411.254353,840.364062

348.141647,836.956582
411.254353,840.364062

473.715845,908.173710
411.254353,840.364062

474.367058,843.771542
411.254353,840.364062

602.569358,885.983517
538.142601,897.078613

473.715845,908.173710
538.142601,897.078613

618.975281,941.854626
538.142601,897.078613

610.772320,913.919071
538.142601,897.078613

474.367058,843.771542
538.142601,897.078613

858.381636,932.350548
923.899485,933.649796

989.417335,934.949044
923.899485,933.649796

851.832620,212.828683
860.657467,278.153512

981.955398,283.179847
860.657467,278.153512

869.482314,343.478340
860.657467,278.153512

728.706018,959.633537
793.543827,945.992042

858.381636,932.350548
793.543827,945.992042

858.381636,932.350548
937.911702,868.660305

951.923918,803.670814
937.911702,868.660305

989.417335,934.949044
937.911702,868.660305

923.899485,933.649796
937.911702,868.660305

602.491229,728.849452
641.449321,673.912367

717.537042,604.775633
641.449321,673.912367

680.407412,618.975281
641.449321,673.912367

951.923918,803.670814
968.729194,737.302350

985.534470,670.933886
968.729194,737.302350

9.123535,847.674197
38.369621,785.089710

67.615706,722.505223
38.369621,785.089710

851.832620,212.828683
906.770519,148.235913

961.708418,83.643143
906.770519,148.235913

