7.433440,12.220220
137.282576,99.648653
8.524703,161.735439
270.551176,194.106510
141.796824,269.617645
307.526541,64.167922
395.852245,224.702669
274.248488,322.556415
145.666246,432.022330
408.508449,392.905389
527.495649,263.127438
536.764123,511.658734
340.698985,525.059860
210.502374,642.904379
469.213887,647.570114
342.052980,661.761063
602.491229,728.849452
475.018272,779.369374
348.141647,836.956582
602.569358,885.983517
473.715845,908.173710
728.706018,959.633537
729.246217,833.702801
843.397405,706.616472
858.381636,932.350548
951.923918,803.670814
985.534470,670.933886
989.417335,934.949044
717.537042,604.775633
841.711482,473.335413
715.248708,473.617577
739.188021,344.403123
682.769127,213.141603
851.832620,212.828683
961.708418,83.643143
981.955398,283.179847
869.482314,343.478340
996.375638,461.467473
776.131864,79.465819
610.873860,361.314879
214.475505,769.096763
273.454355,968.946578
140.754308,982.184107
9.123535,847.674197
67.615706,722.505223
147.393516,630.159334
60.705698,535.801037
67.988662,620.977098
58.251695,614.099056
61.889616,623.346997
64.393129,620.359557
60.554027,617.639727
61.931898,621.278734
63.039729,620.161563
680.407412,618.975281
618.975281,941.854626
642.301148,328.671535
626.698770,292.794045
693.901439,330.573467
675.787891,288.717327
704.863635,330.290261
690.657642,289.719085
686.702895,329.415710
670.248720,289.628000
644.942152,329.503916
615.914677,291.635828
577.725800,333.632179
535.734845,303.255997
698.972227,611.875457
610.772320,913.919071
679.278509,250.929465
778.480095,473.476495
669.739169,936.776304
474.367058,843.771542
411.254353,840.364062
538.142601,897.078613
923.899485,933.649796
860.657467,278.153512
793.543827,945.992042
937.911702,868.660305
641.449321,673.912367
968.729194,737.302350
38.369621,785.089710
502.989005,579.614424
906.770519,148.235913
