728.706018,959.633537
60.554027,617.639727

729.246217,833.702801
60.554027,617.639727

527.495649,263.127438
61.931898,621.278734

67.988662,620.977098
61.931898,621.278734

210.502374,642.904379
63.039729,620.161563

214.475505,769.096763
63.039729,620.161563

776.131864,79.465819
680.407412,618.975281

273.454355,968.946578
618.975281,941.854626

140.754308,982.184107
618.975281,941.854626

342.052980,661.761063
642.301148,328.671535

843.397405,706.616472
626.698770,292.794045

717.537042,604.775633
626.698770,292.794045

340.698985,525.059860
693.901439,330.573467

342.052980,661.761063
693.901439,330.573467

67.988662,620.977098
693.901439,330.573467

61.889616,623.346997
693.901439,330.573467

60.554027,617.639727
693.901439,330.573467

63.039729,620.161563
693.901439,330.573467

642.301148,328.671535
693.901439,330.573467

67.615706,722.505223
63.716429,620.260560

147.393516,630.159334
63.716429,620.260560

60.705698,535.801037
63.716429,620.260560

67.988662,620.977098
63.716429,620.260560

58.251695,614.099056
63.716429,620.260560

61.889616,623.346997
63.716429,620.260560

64.393129,620.359557
63.716429,620.260560

60.554027,617.639727
63.716429,620.260560

61.931898,621.278734
63.716429,620.260560

63.039729,620.161563
63.716429,620.260560

527.495649,263.127438
634.499959,310.732790

739.188021,344.403123
634.499959,310.732790

682.769127,213.141603
634.499959,310.732790

610.873860,361.314879
634.499959,310.732790

642.301148,328.671535
634.499959,310.732790

626.698770,292.794045
634.499959,310.732790

693.901439,330.573467
634.499959,310.732790

717.537042,604.775633
698.972227,611.875457

680.407412,618.975281
698.972227,611.875457

602.569358,885.983517
610.772320,913.919071

618.975281,941.854626
610.772320,913.919071

602.569358,885.983517
673.840650,950.744081

728.706018,959.633537
673.840650,950.744081

618.975281,941.854626
673.840650,950.744081

610.772320,913.919071
673.840650,950.744081

841.711482,473.335413
778.480095,473.476495

715.248708,473.617577
778.480095,473.476495

851.832620,212.828683
925.718856,313.329093

981.955398,283.179847
925.718856,313.329093

869.482314,343.478340
925.718856,313.329093

469.213887,647.570114
405.633433,654.665589

342.052980,661.761063
405.633433,654.665589

270.551176,194.106510
272.399832,258.331462

274.248488,322.556415
272.399832,258.331462

270.551176,194.106510
334.126039,241.517065

395.852245,224.702669
334.126039,241.517065

274.248488,322.556415
334.126039,241.517065

272.399832,258.331462
334.126039,241.517065

475.018272,779.369374
474.367058,843.771542

473.715845,908.173710
474.367058,843.771542

475.018272,779.369374
411.254353,840.364062

348.141647,836.956582
411.254353,840.364062

473.715845,908.173710
411.254353,840.364062

474.367058,843.771542
411.254353,840.364062

739.188021,344.403123
804.335167,343.940732

869.482314,343.478340
804.335167,343.940732

693.901439,330.573467
804.335167,343.940732

602.569358,885.983517
538.142601,897.078613

473.715845,908.173710
538.142601,897.078613

618.975281,941.854626
538.142601,897.078613

610.772320,913.919071
538.142601,897.078613

474.367058,843.771542
538.142601,897.078613

858.381636,932.350548
923.899485,933.649796

989.417335,934.949044
923.899485,933.649796

270.551176,194.106510
207.098328,263.974553

141.796824,269.617645
207.098328,263.974553

274.248488,322.556415
207.098328,263.974553

272.399832,258.331462
207.098328,263.974553

717.537042,604.775633
716.392875,539.196605

715.248708,473.617577
716.392875,539.196605

680.407412,618.975281
716.392875,539.196605

698.972227,611.875457
716.392875,539.196605

778.480095,473.476495
716.392875,539.196605

728.706018,959.633537
793.543827,945.992042

858.381636,932.350548
793.543827,945.992042

673.840650,950.744081
793.543827,945.992042

858.381636,932.350548
937.911702,868.660305

951.923918,803.670814
937.911702,868.660305

989.417335,934.949044
937.911702,868.660305

923.899485,933.649796
937.911702,868.660305

145.666246,432.022330
103.185972,483.911683

60.705698,535.801037
103.185972,483.911683

602.491229,728.849452
641.449321,673.912367

717.537042,604.775633
641.449321,673.912367

680.407412,618.975281
641.449321,673.912367

698.972227,611.875457
641.449321,673.912367

270.551176,194.106510
289.038858,129.137216

307.526541,64.167922
289.038858,129.137216

334.126039,241.517065
289.038858,129.137216

951.923918,803.670814
968.729194,737.302350

985.534470,670.933886
968.729194,737.302350

395.852245,224.702669
461.673947,243.915053

527.495649,263.127438
461.673947,243.915053

9.123535,847.674197
38.369621,785.089710

67.615706,722.505223
38.369621,785.089710

137.282576,99.648653
72.903639,130.692046

8.524703,161.735439
72.903639,130.692046

7.433440,12.220220
40.168540,71.456133

137.282576,99.648653
40.168540,71.456133

8.524703,161.735439
40.168540,71.456133

72.903639,130.692046
40.168540,71.456133

408.508449,392.905389
374.603717,458.982624

340.698985,525.059860
374.603717,458.982624

536.764123,511.658734
502.989005,579.614424

469.213887,647.570114
502.989005,579.614424

405.633433,654.665589
502.989005,579.614424

137.282576,99.648653
213.160717,114.392934

270.551176,194.106510
213.160717,114.392934

307.526541,64.167922
213.160717,114.392934

289.038858,129.137216
213.160717,114.392934

841.711482,473.335413
919.043560,467.401443

996.375638,461.467473
919.043560,467.401443

851.832620,212.828683
906.770519,148.235913

961.708418,83.643143
906.770519,148.235913

