7.433440,12.220220
137.282576,99.648653
8.524703,161.735439
270.551176,194.106510
141.796824,269.617645
307.526541,64.167922
395.852245,224.702669
274.248488,322.556415
145.666246,432.022330
408.508449,392.905389
527.495649,263.127438
536.764123,511.658734
340.698985,525.059860
210.502374,642.904379
469.213887,647.570114
342.052980,661.761063
602.491229,728.849452
475.018272,779.369374
348.141647,836.956582
602.569358,885.983517
473.715845,908.173710
728.706018,959.633537
729.246217,833.702801
843.397405,706.616472
858.381636,932.350548
951.923918,803.670814
985.534470,670.933886
989.417335,934.949044
717.537042,604.775633
841.711482,473.335413
715.248708,473.617577
739.188021,344.403123
682.769127,213.141603
851.832620,212.828683
961.708418,83.643143
981.955398,283.179847
869.482314,343.478340
996.375638,461.467473
776.131864,79.465819
610.873860,361.314879
214.475505,769.096763
273.454355,968.946578
140.754308,982.184107
9.123535,847.674197
67.615706,722.505223
147.393516,630.159334
60.705698,535.801037
67.988662,620.977098
58.251695,614.099056
61.889616,623.346997
64.393129,620.359557
60.554027,617.639727
61.931898,621.278734
63.039729,620.161563
680.407412,618.975281
618.975281,941.854626
642.301148,328.671535
626.698770,292.794045
693.901439,330.573467
63.716429,620.260560
634.499959,310.732790
698.972227,611.875457
610.772320,913.919071
673.840650,950.744081
778.480095,473.476495
925.718856,313.329093
405.633433,654.665589
272.399832,258.331462
334.126039,241.517065
474.367058,843.771542
411.254353,840.364062
804.335167,343.940732
538.142601,897.078613
923.899485,933.649796
207.098328,263.974553
716.392875,539.196605
793.543827,945.992042
937.911702,868.660305
103.185972,483.911683
641.449321,673.912367
289.038858,129.137216
968.729194,737.302350
461.673947,243.915053
38.369621,785.089710
72.903639,130.692046
40.168540,71.456133
374.603717,458.982624
502.989005,579.614424
213.160717,114.392934
919.043560,467.401443
906.770519,148.235913
