728.706018,959.633537
728.976117,896.668169

729.246217,833.702801
728.976117,896.668169

527.495649,263.127438
534.660138,200.457282

541.824626,137.787126
534.660138,200.457282

210.502374,642.904379
212.488940,706.000571

214.475505,769.096763
212.488940,706.000571

602.569358,885.983517
665.772738,891.325843

728.706018,959.633537
665.772738,891.325843

729.246217,833.702801
665.772738,891.325843

728.976117,896.668169
665.772738,891.325843

541.824626,137.787126
591.362506,97.941863

514.431393,7.100682
591.362506,97.941863

640.900385,58.096601
591.362506,97.941863

534.660138,200.457282
591.362506,97.941863

851.832620,212.828683
925.718856,313.329093

981.955398,283.179847
925.718856,313.329093

869.482314,343.478340
925.718856,313.329093

469.213887,647.570114
405.633433,654.665589

342.052980,661.761063
405.633433,654.665589

270.551176,194.106510
272.399832,258.331462

274.248488,322.556415
272.399832,258.331462

270.551176,194.106510
334.126039,241.517065

395.852245,224.702669
334.126039,241.517065

274.248488,322.556415
334.126039,241.517065

272.399832,258.331462
334.126039,241.517065

475.018272,779.369374
474.367058,843.771542

473.715845,908.173710
474.367058,843.771542

475.018272,779.369374
411.254353,840.364062

348.141647,836.956582
411.254353,840.364062

473.715845,908.173710
411.254353,840.364062

474.367058,843.771542
411.254353,840.364062

527.495649,263.127438
569.184754,312.221159

610.873860,361.314879
569.184754,312.221159

534.660138,200.457282
569.184754,312.221159

67.615706,722.505223
51.649819,659.817973

35.683931,597.130723
51.649819,659.817973

739.188021,344.403123
675.030940,352.859001

610.873860,361.314879
675.030940,352.859001

569.184754,312.221159
675.030940,352.859001

715.248708,473.617577
695.139824,413.238289

739.188021,344.403123
695.139824,413.238289

610.873860,361.314879
695.139824,413.238289

675.030940,352.859001
695.139824,413.238289

739.188021,344.403123
804.335167,343.940732

869.482314,343.478340
804.335167,343.940732

602.569358,885.983517
538.142601,897.078613

473.715845,908.173710
538.142601,897.078613

474.367058,843.771542
538.142601,897.078613

858.381636,932.350548
923.899485,933.649796

989.417335,934.949044
923.899485,933.649796

270.551176,194.106510
207.098328,263.974553

141.796824,269.617645
207.098328,263.974553

274.248488,322.556415
207.098328,263.974553

272.399832,258.331462
207.098328,263.974553

717.537042,604.775633
716.392875,539.196605

715.248708,473.617577
716.392875,539.196605

469.213887,647.570114
472.116079,713.469744

475.018272,779.369374
472.116079,713.469744

405.633433,654.665589
472.116079,713.469744

469.213887,647.570114
537.303654,721.159598

602.491229,728.849452
537.303654,721.159598

475.018272,779.369374
537.303654,721.159598

472.116079,713.469744
537.303654,721.159598

728.706018,959.633537
793.543827,945.992042

858.381636,932.350548
793.543827,945.992042

728.976117,896.668169
793.543827,945.992042

140.754308,982.184107
74.479008,984.611896

8.203707,987.039685
74.479008,984.611896

841.711482,473.335413
855.596898,408.406877

869.482314,343.478340
855.596898,408.406877

925.718856,313.329093
855.596898,408.406877

804.335167,343.940732
855.596898,408.406877

210.502374,642.904379
276.277677,652.332721

342.052980,661.761063
276.277677,652.332721

212.488940,706.000571
276.277677,652.332721

858.381636,932.350548
937.911702,868.660305

951.923918,803.670814
937.911702,868.660305

989.417335,934.949044
937.911702,868.660305

923.899485,933.649796
937.911702,868.660305

273.454355,968.946578
207.104331,975.565343

140.754308,982.184107
207.104331,975.565343

270.551176,194.106510
289.038858,129.137216

307.526541,64.167922
289.038858,129.137216

334.126039,241.517065
289.038858,129.137216

340.698985,525.059860
341.375982,593.410461

342.052980,661.761063
341.375982,593.410461

405.633433,654.665589
341.375982,593.410461

276.277677,652.332721
341.375982,593.410461

776.131864,79.465819
708.516125,68.781210

640.900385,58.096601
708.516125,68.781210

591.362506,97.941863
708.516125,68.781210

951.923918,803.670814
968.729194,737.302350

985.534470,670.933886
968.729194,737.302350

843.397405,706.616472
906.063300,721.959411

951.923918,803.670814
906.063300,721.959411

985.534470,670.933886
906.063300,721.959411

968.729194,737.302350
906.063300,721.959411

395.852245,224.702669
461.673947,243.915053

527.495649,263.127438
461.673947,243.915053

534.660138,200.457282
461.673947,243.915053

9.123535,847.674197
38.369621,785.089710

67.615706,722.505223
38.369621,785.089710

9.123535,847.674197
8.663621,917.356941

8.203707,987.039685
8.663621,917.356941

74.479008,984.611896
8.663621,917.356941

739.188021,344.403123
678.900034,283.000302

682.769127,213.141603
678.900034,283.000302

610.873860,361.314879
678.900034,283.000302

569.184754,312.221159
678.900034,283.000302

675.030940,352.859001
678.900034,283.000302

137.282576,99.648653
72.903639,130.692046

8.524703,161.735439
72.903639,130.692046

7.433440,12.220220
40.168540,71.456133

137.282576,99.648653
40.168540,71.456133

8.524703,161.735439
40.168540,71.456133

72.903639,130.692046
40.168540,71.456133

210.502374,642.904379
140.052323,714.252897

214.475505,769.096763
140.052323,714.252897

67.615706,722.505223
140.052323,714.252897

212.488940,706.000571
140.052323,714.252897

51.649819,659.817973
140.052323,714.252897

38.369621,785.089710
140.052323,714.252897

408.508449,392.905389
374.603717,458.982624

340.698985,525.059860
374.603717,458.982624

841.711482,473.335413
925.986268,434.937175

869.482314,343.478340
925.986268,434.937175

996.375638,461.467473
925.986268,434.937175

925.718856,313.329093
925.986268,434.937175

855.596898,408.406877
925.986268,434.937175

274.248488,322.556415
341.378468,357.730902

408.508449,392.905389
341.378468,357.730902

272.399832,258.331462
341.378468,357.730902

334.126039,241.517065
341.378468,357.730902

374.603717,458.982624
341.378468,357.730902

536.764123,511.658734
502.989005,579.614424

469.213887,647.570114
502.989005,579.614424

405.633433,654.665589
502.989005,579.614424

137.282576,99.648653
213.160717,114.392934

270.551176,194.106510
213.160717,114.392934

307.526541,64.167922
213.160717,114.392934

289.038858,129.137216
213.160717,114.392934

141.796824,269.617645
143.731535,350.819987

145.666246,432.022330
143.731535,350.819987

207.098328,263.974553
143.731535,350.819987

851.832620,212.828683
906.770519,148.235913

961.708418,83.643143
906.770519,148.235913

