728.706018,959.633537
60.554027,617.639727

729.246217,833.702801
60.554027,617.639727

527.495649,263.127438
61.931898,621.278734

67.988662,620.977098
61.931898,621.278734

67.615706,722.505223
61.910757,622.312865

147.393516,630.159334
61.910757,622.312865

60.705698,535.801037
61.910757,622.312865

67.988662,620.977098
61.910757,622.312865

58.251695,614.099056
61.910757,622.312865

61.889616,623.346997
61.910757,622.312865

64.393129,620.359557
61.910757,622.312865

60.554027,617.639727
61.910757,622.312865

61.931898,621.278734
61.910757,622.312865

210.502374,642.904379
178.947945,636.531857

147.393516,630.159334
178.947945,636.531857

67.988662,620.977098
178.947945,636.531857

58.251695,614.099056
178.947945,636.531857

61.889616,623.346997
178.947945,636.531857

64.393129,620.359557
178.947945,636.531857

60.554027,617.639727
178.947945,636.531857

61.931898,621.278734
178.947945,636.531857

61.910757,622.312865
178.947945,636.531857

841.711482,473.335413
778.480095,473.476495

715.248708,473.617577
778.480095,473.476495

851.832620,212.828683
925.718856,313.329093

981.955398,283.179847
925.718856,313.329093

869.482314,343.478340
925.718856,313.329093

469.213887,647.570114
405.633433,654.665589

342.052980,661.761063
405.633433,654.665589

270.551176,194.106510
272.399832,258.331462

274.248488,322.556415
272.399832,258.331462

270.551176,194.106510
334.126039,241.517065

395.852245,224.702669
334.126039,241.517065

274.248488,322.556415
334.126039,241.517065

272.399832,258.331462
334.126039,241.517065

475.018272,779.369374
474.367058,843.771542

473.715845,908.173710
474.367058,843.771542

475.018272,779.369374
411.254353,840.364062

348.141647,836.956582
411.254353,840.364062

473.715845,908.173710
411.254353,840.364062

474.367058,843.771542
411.254353,840.364062

527.495649,263.127438
569.184754,312.221159

610.873860,361.314879
569.184754,312.221159

739.188021,344.403123
675.030940,352.859001

610.873860,361.314879
675.030940,352.859001

569.184754,312.221159
675.030940,352.859001

715.248708,473.617577
695.139824,413.238289

739.188021,344.403123
695.139824,413.238289

610.873860,361.314879
695.139824,413.238289

778.480095,473.476495
695.139824,413.238289

675.030940,352.859001
695.139824,413.238289

739.188021,344.403123
804.335167,343.940732

869.482314,343.478340
804.335167,343.940732

602.569358,885.983517
538.142601,897.078613

473.715845,908.173710
538.142601,897.078613

474.367058,843.771542
538.142601,897.078613

858.381636,932.350548
923.899485,933.649796

989.417335,934.949044
923.899485,933.649796

270.551176,194.106510
207.098328,263.974553

141.796824,269.617645
207.098328,263.974553

274.248488,322.556415
207.098328,263.974553

272.399832,258.331462
207.098328,263.974553

717.537042,604.775633
716.392875,539.196605

715.248708,473.617577
716.392875,539.196605

778.480095,473.476495
716.392875,539.196605

469.213887,647.570114
472.116079,713.469744

475.018272,779.369374
472.116079,713.469744

405.633433,654.665589
472.116079,713.469744

469.213887,647.570114
537.303654,721.159598

602.491229,728.849452
537.303654,721.159598

475.018272,779.369374
537.303654,721.159598

472.116079,713.469744
537.303654,721.159598

728.706018,959.633537
793.543827,945.992042

858.381636,932.350548
793.543827,945.992042

210.502374,642.904379
276.277677,652.332721

342.052980,661.761063
276.277677,652.332721

178.947945,636.531857
276.277677,652.332721

210.502374,642.904379
245.376591,710.714742

342.052980,661.761063
245.376591,710.714742

214.475505,769.096763
245.376591,710.714742

178.947945,636.531857
245.376591,710.714742

276.277677,652.332721
245.376591,710.714742

858.381636,932.350548
937.911702,868.660305

951.923918,803.670814
937.911702,868.660305

989.417335,934.949044
937.911702,868.660305

923.899485,933.649796
937.911702,868.660305

273.454355,968.946578
207.104331,975.565343

140.754308,982.184107
207.104331,975.565343

145.666246,432.022330
103.185972,483.911683

60.705698,535.801037
103.185972,483.911683

270.551176,194.106510
289.038858,129.137216

307.526541,64.167922
289.038858,129.137216

334.126039,241.517065
289.038858,129.137216

340.698985,525.059860
341.375982,593.410461

342.052980,661.761063
341.375982,593.410461

405.633433,654.665589
341.375982,593.410461

276.277677,652.332721
341.375982,593.410461

951.923918,803.670814
968.729194,737.302350

985.534470,670.933886
968.729194,737.302350

843.397405,706.616472
906.063300,721.959411

951.923918,803.670814
906.063300,721.959411

985.534470,670.933886
906.063300,721.959411

968.729194,737.302350
906.063300,721.959411

395.852245,224.702669
461.673947,243.915053

527.495649,263.127438
461.673947,243.915053

9.123535,847.674197
38.369621,785.089710

67.615706,722.505223
38.369621,785.089710

739.188021,344.403123
678.900034,283.000302

682.769127,213.141603
678.900034,283.000302

610.873860,361.314879
678.900034,283.000302

569.184754,312.221159
678.900034,283.000302

675.030940,352.859001
678.900034,283.000302

137.282576,99.648653
72.903639,130.692046

8.524703,161.735439
72.903639,130.692046

7.433440,12.220220
40.168540,71.456133

137.282576,99.648653
40.168540,71.456133

8.524703,161.735439
40.168540,71.456133

72.903639,130.692046
40.168540,71.456133

408.508449,392.905389
374.603717,458.982624

340.698985,525.059860
374.603717,458.982624

348.141647,836.956582
310.798001,902.951580

273.454355,968.946578
310.798001,902.951580

411.254353,840.364062
310.798001,902.951580

536.764123,511.658734
502.989005,579.614424

469.213887,647.570114
502.989005,579.614424

405.633433,654.665589
502.989005,579.614424

851.832620,212.828683
813.982242,146.147251

776.131864,79.465819
813.982242,146.147251

137.282576,99.648653
213.160717,114.392934

270.551176,194.106510
213.160717,114.392934

307.526541,64.167922
213.160717,114.392934

289.038858,129.137216
213.160717,114.392934

841.711482,473.335413
919.043560,467.401443

996.375638,461.467473
919.043560,467.401443

851.832620,212.828683
887.845330,114.895197

961.708418,83.643143
887.845330,114.895197

776.131864,79.465819
887.845330,114.895197

813.982242,146.147251
887.845330,114.895197

