653.592635,941.014250
644.746071,653.519235
807.636666,851.777619
818.385313,784.970965
675.559124,754.127259
923.389312,794.119477
751.285476,852.328800
736.250516,722.273042
822.675384,648.327078
888.166198,616.887277
692.771462,791.809130
931.272940,878.981909
748.361876,779.696709
888.208250,834.612095
974.566877,814.717180
632.994428,787.565678
161.970099,139.626358
237.310098,310.960826
58.769134,249.506811
296.095455,182.982737
81.234848,128.029789
231.093360,357.097066
107.002865,23.440185
221.598636,212.000770
48.439460,344.241140
121.459010,219.069345
315.685456,338.799112
298.388399,94.087364
308.902103,276.619874
0.000000,0.000000
905.798781,814.365786
654.276776,770.846468
779.461071,852.053209
720.566669,785.752919
742.306196,750.984876
909.740595,856.797002
312.293779,307.709493
813.010989,818.374292
940.182829,814.541483
90.114072,234.288078
783.373594,782.333837
855.420791,632.607178
274.801939,309.335160
850.609619,826.493193
258.847045,197.491753
121.602474,133.828073
121.530742,176.448709
297.241927,138.535050
283.874574,237.055814
191.784368,175.813564
53.604297,296.873976
660.152597,703.823247
652.449334,678.671241
667.855861,728.975253
94.118856,75.734987
87.676852,101.882388
100.560861,49.587586
53.501432,11.720093
80.252148,17.580139
26.750716,5.860046
779.462950,685.300060
801.069167,666.813569
757.856733,703.786551
702.439055,896.671525
678.015845,918.842887
726.862265,874.500162
480.215763,496.159174
562.480917,574.839205
603.613494,614.179220
624.179782,633.849228
583.047205,594.509212
521.348340,535.499189
500.782052,515.829181
541.914628,555.169197
397.950610,417.479143
439.083186,456.819158
459.649475,476.489166
418.516898,437.149151
356.818033,378.139127
377.384321,397.809135
336.251744,358.469120
