218.635815,728.058278
177.836300,668.843347

137.036785,609.628416
177.836300,668.843347

822.675384,648.327078
785.518630,714.011894

748.361876,779.696709
785.518630,714.011894

218.635815,728.058278
153.079864,765.580911

87.523912,803.103543
153.079864,765.580911

177.836300,668.843347
153.079864,765.580911

644.746071,653.519235
715.132350,683.765564

822.675384,648.327078
715.132350,683.765564

748.361876,779.696709
715.132350,683.765564

785.518630,714.011894
715.132350,683.765564

923.389312,794.119477
854.453971,754.065685

822.675384,648.327078
854.453971,754.065685

748.361876,779.696709
854.453971,754.065685

785.518630,714.011894
854.453971,754.065685

652.316809,915.274260
700.339342,847.485485

748.361876,779.696709
700.339342,847.485485

854.387740,143.466818
769.701133,161.115077

685.014525,178.763336
769.701133,161.115077

805.262197,319.166665
787.481665,240.140871

854.387740,143.466818
787.481665,240.140871

685.014525,178.763336
787.481665,240.140871

769.701133,161.115077
787.481665,240.140871

313.338453,94.311395
311.120278,185.465634

308.902103,276.619874
311.120278,185.465634

805.262197,319.166665
888.700930,357.274264

972.139664,395.381862
888.700930,357.274264

137.036785,609.628416
141.074897,511.821427

145.113009,414.014438
141.074897,511.821427

652.316809,915.274260
568.691857,860.546311

485.066906,805.818361
568.691857,860.546311

218.635815,728.058278
297.991812,662.156232

377.347809,596.254185
297.991812,662.156232

177.836300,668.843347
297.991812,662.156232

308.902103,276.619874
227.007556,345.317156

145.113009,414.014438
227.007556,345.317156

485.066906,805.818361
400.584016,872.259683

316.101127,938.701005
400.584016,872.259683

95.364606,147.710609
204.351530,121.011002

313.338453,94.311395
204.351530,121.011002

311.120278,185.465634
204.351530,121.011002

218.635815,728.058278
267.368471,833.379642

316.101127,938.701005
267.368471,833.379642

972.139664,395.381862
934.773594,458.618166

888.700930,357.274264
934.773594,458.618166

897.407524,521.854470
934.773594,458.618166

822.675384,648.327078
860.041454,585.090774

897.407524,521.854470
860.041454,585.090774

