18
125
500
10000,10000
245.8,404.4
9109.18,3541.82
9208.61,6012.21
8245.31,9290.41
7022.03,103.79
1699.53,2452.52
4111.98,5286.9
2464.55,8328.5
5139.34,9693.88
8571.53,9482.2
4176.53,2383.41
2932.88,7385.23
9056.15,9690.12
479.39,4280.3
7157.15,7088.91
9508.57,7187.32
8097.55,7353.59
3275.81,4655.52
2989.11,2434.68
4866.62,1328.76
5076.77,5829.12
9659.1,9887.24
9903.54,3943.4
8383.64,3858.23
1220.23,3885.99
4349.58,3305.62
6108.2,6139.9
9005.22,1372.65
3690.26,6075.48
8597.87,7596.31
9870.01,2309.41
6861.3,7355.6
9127.42,8559.6
2928.64,4702.4
948.06,8474.63
5400.83,1280.65
6135.01,3476.71
2206.88,8649.16
6624.73,7582.25
5036.6,4473.36
9394.76,5914.19
7912.96,9379.26
424.85,6678.25
2178.91,9073.11
8617.58,6962.21
5984.18,7917.34
5274.91,8079.01
9590.77,4556.19
4435.86,942.74
6797.6,6891.71
3901.75,1877.33
6494.11,9443.34
4460.93,2011.16
7894.22,4263.38
9706.52,9371.94
2549.12,7504.1
6255.89,7060.17
5231.88,3635.24
1501.31,6822.62
4863.77,6964.35
8123.56,6942.59
9820.33,4146.79
7341.86,9063.76
8424.93,6049.84
7205.38,5371.47
352.27,6512.03
5509.33,8391.61
2558.06,8126.69
2617.51,4343.25
7561.83,8752.87
68.14,1383.08
1232.67,8893.58
1782.18,5062.21
4259.59,8400.5
3435.05,4205.81
5352.5,1125.0
9825.05,9762.37
6012.49,3554.59
7432.17,9389.58
9584.15,227.79
9431.15,800.08
9043.79,9204.68
6981.45,2413.98
1405.32,5527.27
8680.51,3822.82
4093.63,2607.99
3650.69,1954.92
9456.99,7382.75
9859.36,8756.77
8938.89,8235.84
9357.06,7533.72
6346.18,1022.33
794.83,9255.58
882.13,4298.54
6576.69,9126.6
3486.25,7326.44
6467.24,4857.55
3005.74,1389.77
8006.49,1461.21
5550.63,4151.11
49.36,6377.32
1977.4,2525.97
1222.02,9227.97
846.57,7267.04
1968.61,9176.34
8809.04,3259.54
7428.47,196.27
3096.77,4779.87
4068.32,250.73
4256.74,8010.17
2651.21,8422.13
9531.42,9974.5
2680.9,2785.94
5752.09,2001.54
3091.4,2030.69
1414.51,3007.51
6835.82,8643.13
8866.06,6936.5
546.12,5168.56
4475.09,9600.14
2544.71,7863.28
9578.18,5708.06
3510.72,6744.97
4670.71,5742.51
8973.41,7086.25
5201.77,6565.03
7743.91,6519.09
1842.28,8105.63
3868.24,9629.62
6197.1,3185.85
9436.12,2233.52
2728.47,5136.63
4968.71,2269.93
6501.7,8671.84
9253.84,9169.09
2875.49,9281.7
4301.13,51.22
2020.84,7405.25
8373.72,1136.83
6314.61,7866.73
4967.51,5436.39
4096.22,5665.23
9551.6,7489.93
9292.5,6648.07
9348.73,8723.97
5293.24,799.41
1673.15,1434.79
5676.69,5303.68
1672.82,162.13
7798.78,7853.22
1976.2,4062.06
8541.0,1936.07
7557.31,2055.6
8366.54,1141.15
2985.07,4400.17
3380.47,9149.45
9120.57,5066.58
848.76,113.75
9529.3,1224.49
1291.21,2126.11
9947.91,2489.31
6543.95,6873.92
3867.61,8115.99
1565.51,4051.1
9846.76,8711.68
2421.19,5898.56
955.14,3033.37
8365.03,1943.87
4234.9,1332.33
459.34,2701.83
8832.54,180.35
9050.23,8463.58
7827.14,3925.02
1222.65,7664.87
7437.88,3623.99
8628.41,2234.45
5647.4,9652.92
3675.7,857.09
9799.57,6694.17
8334.03,1223.55
5544.9,5948.92
9738.55,2347.21
3723.69,3528.02
7017.69,832.42
6542.86,6275.75
2520.75,8580.91
2687.02,2363.71
5098.49,7783.21
7902.36,6420.31
2781.79,8402.15
8529.9,9228.43
9296.84,9207.28
5876.23,7480.58
2735.3,725.83
9443.88,9800.9
3638.18,840.17
4862.5,9932.15
8442.46,4118.18
4445.88,2537.0
8177.0,888.28
9342.91,1212.55
2636.59,2826.32
3223.76,1411.67
5842.1,7118.96
3126.94,230.53
1128.14,9660.32
9560.64,9356.43
3467.53,6886.94
4277.14,1702.42
2886.61,9384.43
8460.42,3047.22
7487.29,9896.76
5920.82,4100.34
4582.39,6066.72
8325.51,9686.4
6691.99,6885.71
5594.97,2232.9
4358.34,9477.28
2667.09,6562.74
3513.17,5993.37
7792.72,3597.65
4751.95,4710.32
3858.1,4002.98
299.71,8679.19
801.45,2952.03
4524.46,6734.48
5002.84,7770.99
6421.89,4976.66
6866.66,300.17
4891.97,566.32
1374.09,6405.59
2217.45,9307.62
4842.47,2166.11
2361.74,4252.44
6285.01,4615.34
9398.92,9889.93
8980.02,3111.4
1105.31,4027.52
3208.14,8193.92
4356.82,3127.26
9185.01,9373.75
7446.78,4864.46
3071.82,7411.7
8947.04,1573.59
5749.52,3748.62
2820.66,6322.74
5315.78,7291.51
6986.94,5558.35
2701.51,8199.31
1659.21,3057.31
1691.11,4094.75
7075.35,3700.41
6803.46,8786.65
7491.14,7098.41
3705.69,2336.9
8779.47,3232.29
396.7,9354.91
4685.79,6716.99
9298.71,7822.03
6975.47,3403.65
2268.65,985.8
9483.02,7483.13
485.73,7060.45
5101.4,374.03
4529.46,8870.22
1414.8,3453.21
7187.97,6584.1
9931.08,2327.29
4029.66,575.6
6342.06,1432.22
8027.2,2691.75
1371.61,312.42
514.41,1353.47
3642.12,1554.57
5952.71,3907.34
5243.39,6659.52
6609.12,4607.92
9512.67,2017.81
2089.75,8553.76
3073.5,4051.34
7553.56,8971.32
7834.16,2585.97
8074.27,6943.04
4.1,2256.68
4100.85,742.58
8942.56,6345.79
2945.11,2612.26
5429.74,720.78
3033.95,9905.87
196.78,2569.39
1252.34,3166.68
269.99,9252.68
5981.09,1127.4
429.1,1310.69
1703.22,1336.56
9544.76,1754.29
8739.1,6302.12
7061.38,1106.31
1989.7,5100.45
397.85,5058.01
6379.17,1696.35
7780.98,1381.49
734.17,9285.83
2188.68,7240.33
8523.54,9200.82
8976.06,2719.54
3847.2,2472.84
1702.86,4451.53
5400.26,3042.44
7835.98,4293.99
3848.24,9524.76
7192.9,6621.29
834.58,8921.26
3149.16,895.18
4016.95,6794.41
754.54,3909.5
2676.36,3283.8
8385.64,1774.62
1747.64,3868.24
3564.21,8178.96
9048.14,7340.27
8122.44,5489.64
8171.57,7063.17
9628.94,5901.47
8936.18,2763.13
489.1,9744.1
7782.89,5897.42
7313.4,8820.77
3336.31,1220.31
769.62,4797.53
8456.27,6464.78
211.09,7235.51
5983.53,8055.33
6795.65,4848.2
134.75,8894.83
2256.79,5635.74
5531.75,8811.4
6734.62,2382.0
5089.82,2624.49
6969.37,7601.33
419.36,8114.26
2813.34,8451.84
4814.46,514.21
4858.41,3128.48
2054.07,910.72
7744.42,8140.7
4699.45,522.2
1423.79,4128.66
8044.6,6407.6
7496.46,8687.61
3663.51,3231.96
8103.06,5229.19
8509.28,9633.11
6980.41,1327.74
5794.71,8384.33
1784.88,1118.73
7155.84,1702.93
1977.46,1453.56
4301.32,7742.65
5035.39,5391.24
2054.22,1047.55
3073.88,6650.45
367.56,8914.7
6116.2,719.21
6389.62,4179.28
3643.42,8320.44
9333.89,319.25
5601.58,3996.73
5774.02,477.17
391.25,1538.75
8707.53,9600.02
6598.3,3909.45
3062.21,8044.45
2315.55,2562.09
4122.94,8647.13
3026.71,2860.03
6699.95,7413.62
4858.56,1764.87
7112.43,8173.29
7326.02,3207.62
1644.49,9276.74
2689.0,9251.37
6076.03,4578.78
1787.91,5073.2
5505.78,9929.77
2368.71,3343.13
2166.71,1726.42
4826.72,5162.42
9225.8,1086.27
173.06,8152.51
3164.12,1434.16
4643.72,1914.09
7773.84,1285.59
6421.93,424.7
5218.43,1102.44
9399.32,191.29
9556.08,2478.49
139.93,5674.84
8648.77,3148.62
1213.58,6328.77
6219.22,6703.88
9831.47,595.53
9266.61,9868.35
7178.33,5370.05
9935.66,9198.08
5450.97,471.13
4012.84,1728.3
2911.73,7461.8
9340.58,7001.61
550.95,8519.07
782.57,6284.49
277.98,6481.0
8519.26,4479.76
4597.28,7731.2
4542.23,5411.97
6266.25,376.32
1011.45,8612.81
1480.0,6149.05
392.85,8976.25
5797.79,3131.49
2984.39,7669.04
9873.19,4074.9
8782.89,6217.57
7804.3,298.72
3072.62,3488.34
8547.71,3556.52
460.94,3094.08
3804.05,3066.32
527.85,8947.16
7726.13,6504.96
3987.1,3158.75
191.64,1959.12
990.24,2193.08
7942.11,5512.63
5980.78,5268.56
3847.24,4696.54
5915.43,5044.33
1515.52,5152.46
713.74,8991.07
7759.08,6529.7
3835.12,5231.93
4363.41,8673.94
4021.7,4766.94
9581.14,91.56
945.95,2175.84
7279.67,8680.66
1577.94,2893.24
9047.58,6738.26
6631.59,1639.78
6332.65,1796.5
1547.16,5428.32
7096.75,7118.13
9363.79,4087.43
6036.83,8801.63
9496.97,7521.32
1433.35,3093.59
7567.76,9589.21
1797.02,7056.27
3699.74,2042.1
4309.47,6839.5
2870.1,7945.22
2539.94,4357.13
9426.32,1418.86
2695.84,5848.24
9537.8,3779.43
6985.41,7861.04
3469.32,7309.84
708.01,1329.79
762.32,8476.55
7324.54,5713.33
9798.48,5822.16
9729.62,7069.05
6601.05,9927.7
5473.08,8621.58
9281.8,527.51
3660.74,1441.9
5785.13,1638.04
7629.24,5922.12
4070.62,4022.11
513.22,381.4
6270.4,7858.4
8575.85,3079.12
9778.85,4096.33
9001.28,4607.73
9961.14,1719.52
721.7,9076.6
2148.89,996.99
9531.93,9806.52
2373.2,2012.45
4831.59,157.53
3728.62,4627.99
4651.35,6191.96
5219.23,7317.11
9901.31,8907.33
9053.93,5351.13
778.34,1387.12
812.19,9767.19
2868.49,8164.99
6577.66,8038.05
2432.3,9795.39
