18
125
1000
10000,10000
6709.42,4180.43
3242.74,7353.87
5292.17,8170.91
6483.18,3612.48
947.74,3126.88
4501.36,4468.13
3129.77,7857.3
8112.93,2995.86
941.88,7486.19
3241.75,3032.17
2293.88,8672.06
8697.84,2914.17
2868.89,6998.97
282.88,9337.89
4411.93,5893.03
1772.93,2023.31
9108.43,5895.02
8538.06,9846.1
6532.7,7299.57
2319.21,199.18
8551.06,7970.89
7497.89,3374.99
5030.69,6141.42
8015.46,1598.31
3642.03,3005.55
8493.64,3099.07
30.03,1650.95
3781.56,6603.1
3875.24,6572.32
5709.18,5549.27
188.98,4504.39
3656.35,9800.79
7586.49,5481.04
5747.23,9064.23
3061.08,6143.88
2157.93,3433.83
458.0,4584.91
1032.67,4334.03
1503.89,6480.28
257.8,2823.65
7228.05,412.35
6651.94,9761.98
1148.95,8002.1
4986.74,438.97
8517.18,7380.33
8385.55,1276.97
724.8,5367.68
9879.44,9157.33
3047.37,7912.21
7014.21,2157.31
7763.48,8423.13
8003.87,457.15
4534.54,297.84
7976.22,8368.94
117.4,4854.58
2540.84,9059.7
3620.04,5359.87
8399.01,152.96
3638.97,4726.66
3537.31,5750.18
7473.27,8526.7
7695.46,9079.01
5551.77,3444.75
89.75,8381.8
1749.29,9456.3
2452.45,9817.0
2146.52,78.45
6474.22,4855.94
5785.52,1261.33
7124.66,9834.12
5709.79,9586.9
1861.62,2951.05
3261.84,4618.26
969.96,1169.19
5869.01,1146.38
4084.12,2817.43
7788.24,8263.21
7518.96,953.25
3311.64,7616.43
2569.84,4371.22
4171.8,3133.84
3510.43,5198.94
6079.14,7326.95
6813.07,1951.36
86.75,4967.43
6903.69,9431.03
6281.91,9059.18
5028.3,3838.94
2422.72,2731.51
1008.17,9722.55
6224.34,6757.36
3874.16,5601.01
9841.67,5564.67
5777.14,2810.33
1501.56,8604.25
5104.37,3095.92
6846.26,6504.38
5272.33,5008.34
7829.21,8978.7
6416.65,7882.08
7701.59,3799.37
9912.23,5029.37
927.43,8774.69
4572.15,9431.5
9575.78,450.93
1059.31,2356.92
1881.17,8476.73
7432.41,2914.9
7010.24,4207.69
3427.76,9471.47
443.32,2368.36
8501.33,5362.91
5548.68,9727.1
1658.74,8152.56
3890.57,8093.11
2107.75,4667.13
9154.57,9568.92
488.46,6805.67
5608.16,7449.73
5701.08,8233.79
1090.67,5220.73
4066.04,4910.14
141.27,2301.84
6629.84,2717.39
6037.0,8139.22
417.1,6421.48
3491.64,2628.07
2807.95,3665.86
7095.93,6469.38
2870.9,5662.25
1936.12,7231.11
4526.19,1176.23
9818.39,2513.39
7133.07,4543.89
5585.37,2664.69
6032.85,1439.46
1219.12,4340.63
3323.52,7400.19
6520.93,4608.62
7707.49,4669.32
7400.45,336.75
3498.71,2693.0
7461.07,4981.29
308.16,9654.33
5630.95,6249.87
5890.04,9584.83
2180.7,4368.49
4082.79,7403.22
9670.02,1534.84
5302.17,2738.91
6153.93,338.18
1403.6,6779.0
8469.69,5120.57
2255.32,4611.13
9751.37,9793.97
9924.06,7510.39
9610.49,2251.18
5996.05,8039.29
847.59,1637.86
2523.76,9982.06
8969.21,1267.06
9404.35,6934.38
7651.23,3857.08
6649.32,6619.19
5578.8,272.68
3249.45,4912.2
9798.57,430.12
7757.71,4542.49
9056.37,9078.01
7333.52,4810.18
4794.19,5713.23
3187.76,5522.1
7174.84,9929.84
1214.82,1587.61
4790.13,1724.42
2191.56,8320.92
2632.48,7967.94
2821.43,1439.12
5491.66,7195.42
5723.02,4868.68
8407.99,2596.35
8104.7,3818.32
7411.92,6677.65
5779.56,5231.2
845.5,5397.36
2944.15,8641.0
4218.41,6376.53
9709.87,4558.39
5107.09,4747.53
9472.63,9950.32
7601.6,5151.25
6069.6,6421.99
5264.69,6541.13
2823.35,8232.09
1256.82,6987.33
209.03,4058.94
7408.94,2010.19
9713.14,4500.03
1634.5,3117.17
5307.35,1480.18
3493.89,5098.29
5678.04,4642.05
8883.84,6659.19
4957.21,2811.46
3688.33,129.34
2894.21,3725.28
9053.58,9962.06
8337.59,244.75
3248.58,1301.67
3709.44,7681.01
6932.74,1941.6
1780.15,5239.19
2708.62,7250.5
8325.68,2218.11
7444.03,3043.71
7502.22,7421.5
2293.44,8742.47
4858.0,3718.41
349.9,4207.94
2386.73,1132.99
3126.61,7581.75
567.15,1594.36
5876.7,188.45
6070.05,4189.9
5979.83,6201.22
1466.41,983.26
4923.45,2088.21
3470.89,3879.98
1161.81,1385.58
8099.34,9129.82
644.24,2908.32
2121.69,8617.91
4576.27,3283.21
7307.01,5176.52
2023.4,2903.54
8941.23,8572.7
1104.86,1141.42
4496.41,587.52
9995.79,7233.11
3850.29,5796.99
980.98,863.92
4857.93,7863.74
13.86,4163.82
6732.79,4109.54
105.91,8696.72
2723.12,1443.91
8557.95,4523.25
3952.09,8229.5
7817.66,8629.13
1816.43,5332.62
7190.85,6480.33
5700.51,5053.22
9236.57,7050.01
5487.07,8957.6
4061.27,9246.05
9614.42,7379.23
6194.63,5551.39
1654.49,1250.51
1906.7,3862.03
913.07,7846.85
4377.41,5560.23
5700.46,6892.93
8967.75,1712.72
7903.74,1445.39
478.77,4211.81
1893.69,6761.76
1666.64,4560.12
4760.89,6822.77
4872.16,2792.08
6292.9,6235.29
4672.07,1679.91
5046.2,839.76
3842.02,5795.15
347.14,8248.78
6239.82,9018.43
1011.25,5910.52
6476.48,5447.66
1506.93,2988.99
5695.46,2848.95
832.85,3054.41
5067.94,6847.83
767.72,9117.35
8001.17,4254.25
3475.4,7685.08
2635.62,6483.65
7293.45,5363.89
7596.11,7914.43
3260.07,6676.27
189.09,9374.79
3124.07,1758.52
132.15,9102.62
2358.54,4640.23
6015.18,6581.46
2272.26,2510.63
1554.59,9192.41
4075.41,5916.83
3682.04,2982.14
508.33,6103.62
4469.88,5283.73
7952.61,8664.35
5765.08,3948.8
2748.04,6866.73
3049.91,4809.62
2100.28,2457.49
4410.09,7719.85
3961.83,7237.76
2021.67,709.22
2145.75,1980.26
9560.66,6919.23
1342.37,2732.99
1150.37,3315.67
2774.59,2714.34
583.61,7001.2
7126.82,1890.85
8863.42,9726.05
3467.55,7744.27
2288.1,9600.74
5646.57,7797.5
7836.86,3399.6
8257.25,3336.24
9386.65,5907.08
5561.28,1433.29
4702.77,7794.7
5230.54,9356.62
6422.63,1654.53
1343.89,3199.25
4074.85,9064.67
9989.7,217.68
6232.5,6717.31
5566.57,53.02
3641.44,1056.04
9015.06,4951.1
9483.69,4346.52
542.55,9596.7
6428.8,3207.09
6259.73,1695.43
3774.35,2602.46
2688.29,9049.05
5864.6,3132.99
3587.29,215.87
2879.85,6510.6
7049.95,5168.07
3450.42,9955.79
9264.06,7551.36
6722.97,3703.03
6906.89,5375.86
752.56,2899.33
2657.51,5875.3
2461.3,9750.58
8249.79,30.54
9357.3,2767.92
4440.93,9896.64
9810.58,3790.17
1428.31,894.25
7718.7,4607.03
2751.74,1981.1
4608.27,1586.48
1258.68,8300.35
9166.36,1660.0
7967.34,2279.74
122.46,6404.88
3697.32,3569.54
3142.11,4589.18
5047.0,9205.86
6310.79,4000.13
5175.39,7153.78
4547.74,4222.3
212.38,1608.76
7134.35,6447.48
4816.78,9640.92
4336.36,3335.7
3969.77,5653.66
2969.9,5243.94
1585.6,7653.72
447.09,625.22
431.31,5623.09
9500.04,1081.32
6652.37,122.26
141.61,7288.47
5891.63,6498.15
3883.54,7071.7
2119.32,635.2
6505.65,7725.63
4400.8,8106.56
6855.21,4897.33
1177.86,4225.89
547.46,9871.88
2468.8,9106.31
3545.94,1128.02
186.47,9504.2
5869.64,9204.46
7313.59,6855.53
8284.44,8357.65
3864.69,6701.04
3927.98,9452.31
7558.71,8335.69
3612.04,4918.34
3602.61,5264.92
2022.31,9721.62
2541.85,3975.8
8209.57,5092.37
7255.32,9042.73
3407.17,3851.29
6725.13,8502.79
6556.19,6671.73
7191.84,485.66
2299.09,6801.92
7377.56,4436.35
657.6,2190.69
9263.8,503.51
7601.15,5661.62
2733.71,7341.79
4680.58,5795.78
6627.51,8812.83
4355.15,3685.05
7686.47,6025.51
7586.08,5583.87
7003.33,4117.54
5492.78,7073.39
2600.17,7393.31
2527.39,6382.44
7580.18,1869.14
1473.1,1076.47
5072.41,991.2
2801.32,295.55
8463.08,1642.81
8235.56,7928.07
504.42,7087.78
1051.76,9936.8
8540.08,1581.1
6006.17,6101.15
5992.2,714.37
6481.68,2522.25
9106.78,5462.78
6880.29,959.15
611.97,4323.55
845.25,7105.13
2464.54,8055.76
1553.77,2913.57
9391.54,8200.75
5320.91,3709.59
3817.49,1844.83
3407.11,5714.98
3974.23,8561.18
6577.49,5017.91
9583.13,9058.69
5529.6,1483.38
8871.25,1026.17
756.86,273.12
1189.21,6005.21
4167.69,8624.29
5139.19,5692.34
4981.78,6717.27
3756.75,8425.98
5876.94,1675.81
2567.52,6501.36
7956.75,3962.61
7416.2,8198.0
7041.98,5143.69
1375.41,682.07
1099.47,3533.38
6308.86,12.23
4290.2,9217.98
3168.3,8315.0
4612.32,7164.56
4421.88,1441.33
8855.85,8794.17
3127.41,9389.89
4659.15,3891.4
6685.24,2911.17
1323.02,7204.23
5714.56,8809.25
8778.49,9800.06
6322.53,708.39
2434.52,1795.33
2023.71,8915.64
7236.53,3329.86
5549.42,1487.26
1835.36,1317.47
3609.78,4200.46
7167.63,311.09
812.63,1856.77
9555.87,4302.96
6489.79,7303.1
1537.99,3395.32
9285.49,4921.21
3346.49,5218.43
2794.37,3355.42
6925.39,3681.82
7566.54,3998.05
5171.44,813.65
557.94,2031.96
197.09,9996.88
3661.85,7927.23
5178.6,2551.19
2165.31,7622.37
4793.43,4575.45
7020.34,5224.4
8773.79,7464.51
4080.45,213.23
1084.0,3925.19
6665.44,7640.38
8449.05,6250.54
5189.12,2992.76
5521.11,4394.91
7522.44,3916.69
9760.12,6900.3
6814.06,3221.05
12.2,2507.38
4317.93,6060.5
2837.54,8922.07
5597.34,7856.39
8325.51,9214.38
4888.71,638.25
8119.38,3556.74
1026.97,2074.9
6635.78,8492.94
272.24,6683.03
3878.01,6669.26
7792.71,4783.29
3553.41,9115.87
3787.31,6325.01
2606.22,3927.25
77.27,6598.19
7276.73,7404.27
1100.73,8655.07
1006.21,4421.58
664.28,9027.41
5639.93,1729.76
5524.88,7936.02
8551.32,6642.83
4913.58,3902.56
8822.83,8669.13
1334.04,6779.53
9399.74,8537.77
8107.81,4067.5
4505.28,3233.14
3271.54,1944.19
9936.26,8488.01
6600.95,9597.52
9859.15,6980.19
2706.98,3993.51
102.4,4934.15
6047.98,8297.2
1565.57,5384.3
4050.18,5833.42
6321.42,9867.17
2041.75,3184.54
7403.63,5763.21
1971.48,5237.05
7271.93,3596.01
9316.05,7038.15
7060.82,6335.5
7776.04,3514.91
3391.9,6300.59
1755.19,4698.79
1638.93,1492.21
5841.62,1149.24
9310.52,6451.31
1200.34,7939.53
3299.16,7376.77
2675.4,3991.98
2460.8,3189.76
6881.66,6768.07
1165.77,5702.23
1009.17,4803.49
9831.53,2079.05
6407.1,3318.6
4702.52,6673.47
5168.69,2655.31
3700.66,614.09
925.52,5381.69
3375.62,5256.52
3695.6,3131.47
9716.87,4344.4
3562.11,5171.02
1725.49,9744.65
6925.13,1963.81
838.25,4222.92
8013.87,3942.35
3227.82,4387.41
6614.29,1182.88
6029.71,3027.52
9032.84,2643.6
1492.66,183.0
593.95,1735.05
1757.01,2746.83
3198.4,7582.39
1795.25,755.06
4382.68,7548.12
6719.26,2479.6
5233.24,5299.77
9973.62,1177.8
482.5,1227.71
3705.97,4674.36
297.31,6677.57
8256.89,4069.08
5720.07,9680.42
4111.16,3960.54
1943.3,8519.69
8390.44,7794.45
1560.35,6248.38
7494.88,5864.45
3131.34,4644.16
752.65,671.04
1204.2,6288.74
7110.25,4927.82
7055.17,4516.18
6679.09,827.0
3877.82,7188.81
5467.11,2209.31
529.32,6956.81
4558.67,4320.26
6896.81,406.35
9998.87,8903.18
2636.77,3174.7
4243.01,6199.28
9583.27,5363.42
5407.94,603.36
2104.01,992.42
6811.74,9762.21
2287.56,2804.82
4904.39,7811.39
5751.87,3269.63
318.61,1959.16
2916.28,2073.59
4552.36,6686.79
7683.92,8349.48
5015.95,3610.62
353.01,3663.33
5938.13,4465.42
1249.63,7148.36
7042.06,7428.86
5490.47,4564.3
8094.03,1168.89
183.3,4911.8
8142.61,8917.39
8330.0,1571.9
5641.76,8684.86
2599.04,5047.9
5129.06,8684.51
7374.12,753.6
1642.16,7026.55
1645.11,1171.47
5433.83,3167.92
47.67,1963.37
4316.72,9437.07
6691.91,6579.15
6081.66,6932.63
6092.73,5367.81
375.59,7206.61
5751.99,7294.36
300.18,2199.65
23.86,2708.12
7312.03,6017.51
1812.81,9119.59
3500.66,5901.84
5932.7,7559.49
4143.32,8926.65
9815.85,1630.69
6242.67,3936.57
360.29,5330.01
6877.42,330.93
167.43,1811.03
7555.18,6090.56
7105.86,5417.73
5885.68,9579.23
7025.98,7614.31
8658.95,9974.46
901.43,6802.54
288.23,1934.84
9653.9,2889.28
4627.41,5016.83
9387.97,4103.58
3056.73,6948.13
9445.27,6322.96
3537.27,4096.04
1654.97,7275.59
35.44,9562.71
3254.57,8719.26
3341.76,2562.55
9338.64,7597.88
3523.74,278.81
5504.99,8489.59
7410.1,412.68
352.84,1461.83
9792.06,1770.79
2170.15,4576.2
8515.55,8271.24
561.47,5813.49
7819.4,7060.59
8822.52,7535.46
13.13,9487.91
6106.23,6714.4
5051.82,9360.84
8147.76,6236.12
9339.14,2782.79
7151.62,9549.35
222.33,9402.84
9701.26,7870.35
3712.43,4223.44
753.02,1310.23
8432.77,3591.89
9217.91,5668.02
5812.35,1954.02
9072.68,1808.63
1140.94,4070.89
6320.91,2996.73
5351.78,6123.36
3776.3,1237.23
5752.28,1190.55
4300.2,2570.56
3766.95,5418.69
4574.93,6111.77
7757.16,3776.14
3877.91,2068.89
891.14,6662.16
955.78,6662.17
4707.81,6420.14
576.15,8776.51
9739.8,3198.45
2281.8,1266.64
5817.57,4266.59
1958.41,4980.91
9161.3,6155.63
4625.35,4284.87
7953.71,1156.7
829.88,7056.63
2570.41,48.11
7167.13,5636.22
4402.79,8382.94
3450.43,4377.29
4128.04,2354.97
8113.93,569.7
3673.52,7881.86
6205.82,4322.93
96.42,8373.57
217.11,7021.19
4071.06,9047.2
9280.92,6906.44
9118.88,2026.36
1965.06,5579.69
2742.55,8855.27
2099.6,2968.52
3072.2,3688.13
808.15,4063.72
7882.41,5436.05
9052.87,4206.84
8927.93,2114.94
5355.66,8577.97
2406.61,2091.32
9720.37,7332.28
9895.92,6917.68
497.03,7789.45
9196.89,7135.68
1895.28,8916.3
1184.51,7295.04
2360.32,9609.57
9217.08,2.3
1973.16,9952.92
1055.26,5985.75
938.61,8741.81
6645.99,4502.59
6350.62,2590.79
716.0,1739.97
5536.3,7578.27
93.37,9026.89
225.47,316.79
2041.49,6235.07
8553.58,663.64
9194.67,4465.42
9725.24,3751.78
9335.16,1613.94
3296.76,3941.01
4776.7,1770.55
1248.09,1632.35
6690.31,3816.34
164.28,7458.02
8326.39,8775.84
7756.44,8323.09
453.91,3054.29
3301.83,4434.97
9742.26,9238.45
3795.37,7104.18
5810.23,6536.27
9348.59,6829.86
5169.97,6916.44
9323.96,4120.8
96.98,9866.37
8907.22,9969.42
7001.64,8635.85
991.05,5667.96
1480.75,2905.44
1359.91,3167.55
5570.98,5401.81
6537.11,1734.81
8234.21,7071.32
5129.9,1926.05
2483.34,140.7
9614.34,8040.43
4758.69,4033.91
4525.52,7302.82
9890.06,4071.84
2312.16,454.28
8082.68,6297.95
2870.16,2137.58
4683.9,667.82
3162.11,7106.61
1338.11,6584.64
9356.14,1075.25
1330.54,4261.94
7522.14,3014.39
7250.5,184.66
448.88,4460.67
8919.07,4664.18
1368.01,3863.93
3087.93,9474.37
5493.15,7863.5
2380.33,3748.23
2843.98,2062.77
1048.86,143.0
2525.8,9519.86
4891.75,664.07
818.47,7968.24
9283.92,4219.73
3810.12,6726.41
7500.18,8687.42
5068.28,4284.82
2479.61,698.57
4334.84,3180.28
2991.18,7070.53
6081.55,5727.07
6276.01,343.08
9937.9,2037.32
310.61,1655.89
4829.25,5622.48
9018.18,8470.64
3871.06,3062.96
5736.48,2511.4
4757.97,3151.66
8866.19,3691.45
1455.94,5788.29
5998.83,1489.37
5916.44,7429.35
1850.84,3215.65
4548.87,8475.36
145.38,5269.73
7625.92,7419.67
6036.94,6689.07
5865.5,6091.44
8571.33,6700.47
7939.17,8071.79
3923.08,1151.75
5528.18,4216.31
1838.75,4934.61
6702.38,9256.13
8081.45,5356.15
4779.65,5526.4
315.17,7798.73
1898.44,9964.81
6507.43,7232.68
3452.04,7160.74
7439.9,3711.28
5847.83,1090.36
6242.27,2779.28
1776.0,7406.13
6586.66,1631.8
4342.92,730.89
6842.95,4285.03
8567.22,9051.23
5970.54,8945.12
4066.42,3838.44
2496.99,1885.2
4316.21,3669.87
9833.55,2239.48
502.15,8520.6
5283.4,3269.35
6083.97,5089.8
865.72,4795.53
4900.28,8357.2
9004.44,1407.25
1116.85,1476.16
7119.19,4222.19
4611.88,5046.92
6770.01,4424.78
2624.28,2452.71
6759.35,3588.54
356.2,9731.2
9201.37,9126.45
3174.86,9825.78
9368.12,5105.32
7017.86,6639.93
5314.41,6713.67
1694.76,598.21
4798.79,7674.02
6113.04,5269.12
8009.36,1576.89
8342.25,1195.1
4976.74,3651.7
6829.31,7549.66
6034.83,4456.12
881.24,9798.66
1569.76,798.28
645.72,1062.17
1340.06,1004.24
4481.09,9199.16
2038.25,4461.18
7458.6,8355.43
1125.68,4045.59
4716.73,4451.9
3787.35,7500.37
3879.27,7174.05
5967.34,9943.23
7617.22,7143.05
6270.71,7714.33
3556.98,4534.76
8139.86,7500.88
9526.89,7821.44
3233.3,2437.26
8474.72,7823.72
9170.07,2236.04
6879.69,5820.89
852.82,9156.62
9000.39,2232.2
9240.6,1333.1
853.74,7422.75
7919.53,622.6
2557.75,9183.08
2194.83,4704.13
4436.0,2965.18
4291.92,6991.09
9770.81,8661.27
312.66,5656.11
4551.38,2248.04
9620.35,3355.95
8377.2,9763.89
1071.51,5012.57
3299.12,5035.48
9385.82,4444.47
9586.45,3282.95
6728.92,2043.78
9049.99,7686.52
8531.84,2409.89
7591.44,3565.6
1493.56,9580.81
9296.73,1315.75
1183.12,6723.9
544.13,5328.62
143.06,6866.99
2018.84,2892.78
5007.12,4496.23
7123.02,3154.03
4589.86,3139.82
826.57,3286.71
5264.32,5547.3
2077.29,8149.59
2391.73,633.67
2577.29,2435.63
8079.7,4678.83
7025.33,7157.34
3027.94,1646.08
535.34,2678.97
2472.78,1599.98
5495.28,9423.16
8021.36,9080.13
4336.25,9346.05
5923.75,669.79
3053.3,2289.67
1572.17,3144.67
624.64,6815.79
2514.17,4260.2
6104.92,7215.4
2895.74,9027.81
3282.88,9760.35
2064.79,5961.75
583.9,8710.6
5224.29,5201.36
3842.58,6218.08
4175.07,4558.85
7342.36,1865.03
7647.9,3653.01
1422.0,5033.01
3643.4,7427.14
2827.38,2218.69
1750.48,3585.06
9243.29,8110.7
4303.7,5537.41
1311.96,919.44
1817.42,1395.87
4735.07,7395.6
7759.8,1378.07
1310.72,6199.81
430.51,5372.34
9461.15,3237.48
9730.29,5817.3
9725.57,4893.54
6775.07,4873.41
8474.92,3434.23
7202.42,4293.16
6249.02,7566.5
